Sample	0	1	2	3	4	5	6	7	8	9	10	11	12	13	14	15
SRR22576095	(1.0, 49.8378678508127)	(2.0, 19.291057187754802)	(3.0, 9.00955207246266)	(4.0, 5.1119058689458985)	(5.0, 3.3910535039007947)	(6.0, 2.2369789148911643)	(7.0, 1.7249900211897644)	(8.0, 1.349522249270789)	(9.0, 1.0527198730612495)	('>10', 5.9348537822372345)	('>50', 0.5949869073443921)	('>100', 0.3659025386872618)	('>500', 0.0045733933629810725)	('>1k', 0.0)	('>5k', 0.0)	('>10k+', 0.09403583607830954)
SRR22576096	(1.0, 57.83458416418168)	(2.0, 18.755586660851527)	(3.0, 7.682114842901805)	(4.0, 4.144645488133188)	(5.0, 2.5320161130439214)	(6.0, 1.7769896306006747)	(7.0, 1.2661269752410935)	(8.0, 0.9247706814264358)	(9.0, 0.6701295474947068)	('>10', 3.272234932873122)	('>50', 0.38313352431416914)	('>100', 0.38772505571659444)	('>500', 0.06495441706162187)	('>1k', 0.18658989242796128)	('>5k', 0.02620394034964152)	('>10k+', 0.09219413338178746)
SRR22576097	(1.0, 76.52304331913102)	(2.0, 15.847734513168014)	(3.0, 3.991025376857676)	(4.0, 1.5462037517247915)	(5.0, 0.7238416786886749)	(6.0, 0.3719082434549135)	(7.0, 0.22442151503303132)	(8.0, 0.16020721995201534)	(9.0, 0.11096927919670349)	('>10', 0.411773723243256)	('>50', 0.0314847884863454)	('>100', 0.023004078242565784)	('>500', 0.0019105333443119707)	('>1k', 0.0)	('>5k', 0.0)	('>10k+', 0.03247197947673615)
SRR22576098	(1.0, 77.8752045363865)	(2.0, 15.198802026427275)	(3.0, 3.38521076318992)	(4.0, 1.0515585254685165)	(5.0, 0.4877659076626608)	(6.0, 0.27331349960101703)	(7.0, 0.17605445850240586)	(8.0, 0.13396064016295348)	(9.0, 0.10790106693220418)	('>10', 1.088625538004568)	('>50', 0.13309932229782057)	('>100', 0.05623729265712278)	('>500', 0.0)	('>1k', 0.0)	('>5k', 0.0)	('>10k+', 0.03226642270710154)
SRR22576099	(1.0, 66.97051487445573)	(2.0, 21.289027959604088)	(3.0, 6.423083258310165)	(4.0, 2.1935039519586477)	(5.0, 1.047630711453515)	(6.0, 0.4864738935631623)	(7.0, 0.3344501895901844)	(8.0, 0.19533554603089887)	(9.0, 0.15933290103372394)	('>10', 0.7570063555853562)	('>50', 0.05638466203707665)	('>100', 0.02389746609314994)	('>500', 0.0012233143973038806)	('>1k', 0.0)	('>5k', 0.0)	('>10k+', 0.062134915887110086)
SRR22576100	(1.0, 78.70245642582651)	(2.0, 14.725235747592105)	(3.0, 3.53565398622286)	(4.0, 1.246229243294433)	(5.0, 0.5844719873498313)	(6.0, 0.3033297653961413)	(7.0, 0.1897871921230688)	(8.0, 0.11427403566799704)	(9.0, 0.103330591722269)	('>10', 0.4282985013617174)	('>50', 0.024824553766807714)	('>100', 0.008753404740979881)	('>500', 0.0)	('>1k', 0.0)	('>5k', 0.03335456493527414)	('>10k+', 0.0)
SRR22576101	(1.0, 69.54087001529454)	(2.0, 20.281813252954215)	(3.0, 5.6140827168168075)	(4.0, 1.8069797354690484)	(5.0, 0.8094728585800013)	(6.0, 0.4601700982819133)	(7.0, 0.29797296404565127)	(8.0, 0.19578059733095227)	(9.0, 0.16979945513865527)	('>10', 0.7115904783355577)	('>50', 0.033540951379629785)	('>100', 0.014917039974034563)	('>500', 0.0)	('>1k', 0.0)	('>5k', 0.0)	('>10k+', 0.06300983639898351)
SRR22576102	(1.0, 72.444728847762)	(2.0, 19.959858349416677)	(3.0, 4.851735306335447)	(4.0, 1.279243974185515)	(5.0, 0.47074692805503127)	(6.0, 0.2585689658015364)	(7.0, 0.14641195816362243)	(8.0, 0.1133885189722956)	(9.0, 0.07430007466256507)	('>10', 0.31194331984264595)	('>50', 0.021882631257192503)	('>100', 0.007660815080780685)	('>500', 0.0)	('>1k', 0.0)	('>5k', 0.0)	('>10k+', 0.05953031046468758)
SRR22576103	(1.0, 69.91733877519916)	(2.0, 20.32443859802893)	(3.0, 5.4167327094677375)	(4.0, 1.7235734907894775)	(5.0, 0.7821775659484556)	(6.0, 0.4689837410618695)	(7.0, 0.26070108726404456)	(8.0, 0.19764836696681307)	(9.0, 0.16363344261648968)	('>10', 0.6434211439614015)	('>50', 0.028131018517378804)	('>100', 0.022265979827340018)	('>500', 0.0)	('>1k', 0.0)	('>5k', 0.0)	('>10k+', 0.050954080350956395)
SRR22576104	(1.0, 50.1138419076175)	(2.0, 20.290832148861256)	(3.0, 9.13555450186146)	(4.0, 4.940371059526041)	(5.0, 3.307898524667467)	(6.0, 2.3000820636732198)	(7.0, 1.6876390909367407)	(8.0, 1.2919012728247803)	(9.0, 1.0049816269652598)	('>10', 5.228646332733935)	('>50', 0.3099560298663045)	('>100', 0.30403898195348783)	('>500', 0.017266335811393693)	('>1k', 0.0)	('>5k', 0.0)	('>10k+', 0.06699012270100566)
SRR22576105	(1.0, 33.171728911739805)	(2.0, 9.786795793544476)	(3.0, 4.468849812942438)	(4.0, 2.8141361212472678)	(5.0, 2.0288982383906253)	(6.0, 1.6472375111928939)	(7.0, 1.384533667411465)	(8.0, 1.2110729850450068)	(9.0, 0.9680466117441644)	('>10', 18.186602435426035)	('>50', 10.85130588309038)	('>100', 12.736159378309326)	('>500', 0.394564893961433)	('>1k', 0.26403805927919627)	('>5k', 0.009986365707161932)	('>10k+', 0.07604333096825501)
SRR22576106	(1.0, 68.36309784494723)	(2.0, 18.722775030986334)	(3.0, 6.330575892400839)	(4.0, 2.5312185243565946)	(5.0, 1.285776180484346)	(6.0, 0.7075166468667752)	(7.0, 0.46992484836965553)	(8.0, 0.33349307308688597)	(9.0, 0.20276917984504295)	('>10', 0.9438318392363386)	('>50', 0.05330821339042006)	('>100', 0.017890012983819287)	('>500', 0.0)	('>1k', 0.0)	('>5k', 0.0)	('>10k+', 0.03782271304582179)
SRR22576107	(1.0, 75.47282958317554)	(2.0, 15.528377981806084)	(3.0, 4.403164635816492)	(4.0, 1.7031676242191616)	(5.0, 0.8407315448698262)	(6.0, 0.4848314813414828)	(7.0, 0.288085504685143)	(8.0, 0.2138466965964227)	(9.0, 0.15151965275075205)	('>10', 0.7874269203343113)	('>50', 0.06008463245344849)	('>100', 0.0315645350360834)	('>500', 0.0)	('>1k', 0.0)	('>5k', 0.0)	('>10k+', 0.03436920691528714)
SRR22576108	(1.0, 70.86963317466025)	(2.0, 17.681656497465497)	(3.0, 5.5643367436124604)	(4.0, 2.271027532542522)	(5.0, 1.09637154723452)	(6.0, 0.6715714813157517)	(7.0, 0.3956295645153119)	(8.0, 0.27821812180118544)	(9.0, 0.16755766712786296)	('>10', 0.835087721370738)	('>50', 0.07541713329456683)	('>100', 0.05851615017686368)	('>500', 0.0018392958366745653)	('>1k', 0.0)	('>5k', 0.0)	('>10k+', 0.0331373690458452)
SRR22576109	(1.0, 72.39038669792876)	(2.0, 16.482796758927414)	(3.0, 5.306362335486624)	(4.0, 2.169911225008849)	(5.0, 1.1396251863670177)	(6.0, 0.6897179040313738)	(7.0, 0.3775370673773956)	(8.0, 0.2671498224504589)	(9.0, 0.17564617202927277)	('>10', 0.8417055735267129)	('>50', 0.05763572606672959)	('>100', 0.0725886185830998)	('>500', 0.0)	('>1k', 0.0)	('>5k', 0.0)	('>10k+', 0.028936912216328874)
SRR22576110	(1.0, 54.399890154025435)	(2.0, 21.053446470600107)	(3.0, 8.92669292252309)	(4.0, 4.145401542483081)	(5.0, 2.211789874563799)	(6.0, 1.5332832981975222)	(7.0, 0.9996124078341593)	(8.0, 0.7297751826186591)	(9.0, 0.5908650500888473)	('>10', 3.9264254333173607)	('>50', 0.5666168931880243)	('>100', 0.785152969200419)	('>500', 0.059905979982185144)	('>1k', 0.01710481554236915)	('>5k', 0.0)	('>10k+', 0.05403700583508132)
SRR22576112	(1.0, 41.73832210600621)	(2.0, 18.785770505909287)	(3.0, 9.149205488105547)	(4.0, 5.230471621744087)	(5.0, 3.3599620666108194)	(6.0, 2.4386867813751554)	(7.0, 1.9870651655730334)	(8.0, 1.5823632068157616)	(9.0, 1.2525811246246668)	('>10', 11.662848574128974)	('>50', 1.6622135646927156)	('>100', 0.9680079032511805)	('>500', 0.08686883767433229)	('>1k', 0.0605805232108097)	('>5k', 0.0)	('>10k+', 0.035052530277280974)
SRR22576113	(1.0, 79.36424469285805)	(2.0, 14.787072845120527)	(3.0, 3.443257921154582)	(4.0, 1.12948648437957)	(5.0, 0.522273970063558)	(6.0, 0.2634805028632946)	(7.0, 0.14701172301808615)	(8.0, 0.09577990493427145)	(9.0, 0.05047452610034932)	('>10', 0.14849038513405985)	('>50', 0.00972976324713429)	('>100', 0.008122638022640388)	('>500', 0.0)	('>1k', 0.0)	('>5k', 0.0)	('>10k+', 0.030574643103853355)
SRR22576114	(1.0, 73.30545397913492)	(2.0, 18.61207097380114)	(3.0, 4.281849972755946)	(4.0, 1.285450350332476)	(5.0, 0.5850670846246385)	(6.0, 0.30476765068475353)	(7.0, 0.1845931161627934)	(8.0, 0.1636392976949074)	(9.0, 0.11452679511070774)	('>10', 1.0203335206338189)	('>50', 0.07203002400940482)	('>100', 0.018222742255113493)	('>500', 0.0)	('>1k', 0.0)	('>5k', 0.0)	('>10k+', 0.051994492799469265)
SRR22576115	(1.0, 50.027143700710276)	(2.0, 16.43368408050144)	(3.0, 7.27718891189607)	(4.0, 4.310387872805577)	(5.0, 2.859637575509131)	(6.0, 2.1776886095394765)	(7.0, 1.6800408144197694)	(8.0, 1.3708870101011337)	(9.0, 1.1694646598902192)	('>10', 10.736923063803248)	('>50', 0.8496278009379349)	('>100', 0.7829579135473571)	('>500', 0.1568599835970718)	('>1k', 0.08637396842201012)	('>5k', 0.0)	('>10k+', 0.0811340343193007)
SRR22576116	(1.0, 70.7614802790892)	(2.0, 20.55421700169627)	(3.0, 5.172662764415699)	(4.0, 1.6580110867412279)	(5.0, 0.6071599644833336)	(6.0, 0.34590188754756246)	(7.0, 0.17257009853113098)	(8.0, 0.13052197748614086)	(9.0, 0.075353716654774)	('>10', 0.4385690991829357)	('>50', 0.01670074894507549)	('>100', 0.014368133731282443)	('>500', 0.0)	('>1k', 0.0)	('>5k', 0.0)	('>10k+', 0.05248324149538323)
SRR22576117	(1.0, 63.3106277559057)	(2.0, 21.901848677167106)	(3.0, 7.348315636277791)	(4.0, 2.8520502958389216)	(5.0, 1.4121712096854024)	(6.0, 0.8210593245943436)	(7.0, 0.4808418258977282)	(8.0, 0.37182209539493977)	(9.0, 0.2496668516439128)	('>10', 1.131934205166137)	('>50', 0.03700757583938376)	('>100', 0.01942108786875395)	('>500', 0.0)	('>1k', 0.0)	('>5k', 0.0)	('>10k+', 0.06323345871992049)
SRR22576118	(1.0, 80.85436336449668)	(2.0, 13.755100558068792)	(3.0, 3.1039082278568593)	(4.0, 0.9370812917327567)	(5.0, 0.44306927384903305)	(6.0, 0.2183208183561005)	(7.0, 0.13399517200784927)	(8.0, 0.09786131714789813)	(9.0, 0.05455500694036772)	('>10', 0.31858624199160596)	('>50', 0.02837190059481751)	('>100', 0.01973761736010538)	('>500', 0.0)	('>1k', 0.0)	('>5k', 0.0)	('>10k+', 0.03504920959714783)
SRR22576119	(1.0, 44.51731660867306)	(2.0, 19.56499269263504)	(3.0, 10.035009403405697)	(4.0, 5.937276553336175)	(5.0, 4.016101900050715)	(6.0, 3.0175630401447298)	(7.0, 2.1988585158439546)	(8.0, 1.6414675696686076)	(9.0, 1.2486981171595766)	('>10', 6.826086782877749)	('>50', 0.5508269175695261)	('>100', 0.3435441429516573)	('>500', 0.008855703015069709)	('>1k', 0.0)	('>5k', 0.0)	('>10k+', 0.09340205266857193)
SRR22576120	(1.0, 49.34225367742848)	(2.0, 16.362177676250127)	(3.0, 7.283715341576688)	(4.0, 4.167301910919512)	(5.0, 3.0288251576364127)	(6.0, 2.2473611768435773)	(7.0, 1.8282497438203391)	(8.0, 1.4608661094524527)	(9.0, 1.2162760096878473)	('>10', 11.72178859846)	('>50', 0.9442903822028422)	('>100', 0.27921871893017414)	('>500', 0.02774358031742525)	('>1k', 0.004689927640147404)	('>5k', 0.0)	('>10k+', 0.08524198883409292)
SRR22576121	(1.0, 59.501285543026725)	(2.0, 21.487619329897765)	(3.0, 8.12285420072433)	(4.0, 3.6010248512575527)	(5.0, 1.802203527443461)	(6.0, 1.0402713319458337)	(7.0, 0.6249735835498346)	(8.0, 0.4321227332260348)	(9.0, 0.2717436768514963)	('>10', 1.371936955771526)	('>50', 0.13517545320397528)	('>100', 0.17110202640000105)	('>500', 0.11692737333405176)	('>1k', 0.23247761979829992)	('>5k', 0.15421121292491538)	('>10k+', 0.9340705806442267)
SRR22576122	(1.0, 49.79649692377445)	(2.0, 20.58606344530417)	(3.0, 9.744678763169059)	(4.0, 5.445058407072874)	(5.0, 3.5199924455050873)	(6.0, 2.371358439828773)	(7.0, 1.6959977388395588)	(8.0, 1.231262255196277)	(9.0, 0.9433790299764584)	('>10', 4.241578775467619)	('>50', 0.2005538921140745)	('>100', 0.1071633571430799)	('>500', 0.0012813135812168083)	('>1k', 0.0033748435723411144)	('>5k', 0.0)	('>10k+', 0.11176036945493037)
SRR22576123	(1.0, 56.13871078809712)	(2.0, 20.671449122920873)	(3.0, 7.9839571828789575)	(4.0, 3.8020432117139578)	(5.0, 2.193390999038065)	(6.0, 1.4267397833606739)	(7.0, 1.0698580243614715)	(8.0, 0.7715748699427152)	(9.0, 0.5929792891076037)	('>10', 3.9412377344553264)	('>50', 0.43236345092500944)	('>100', 0.5217602510480285)	('>500', 0.13032312191139586)	('>1k', 0.2220221713120739)	('>5k', 0.029930958447830124)	('>10k+', 0.07165904047892582)
SRR22576124	(1.0, 60.75192910965915)	(2.0, 21.210098761208044)	(3.0, 7.872508147087309)	(4.0, 3.5716587571837657)	(5.0, 1.921147411688277)	(6.0, 1.087926238139363)	(7.0, 0.6946830603077726)	(8.0, 0.4754617695212633)	(9.0, 0.3764022864066179)	('>10', 1.7483655840220693)	('>50', 0.144962949031451)	('>100', 0.07426627200224852)	('>500', 0.0)	('>1k', 0.0)	('>5k', 0.0)	('>10k+', 0.07058965374264055)
SRR22576125	(1.0, 56.43635937485665)	(2.0, 19.92948926159739)	(3.0, 8.191552059092306)	(4.0, 4.132755430057565)	(5.0, 2.448153245228309)	(6.0, 1.5996817265409167)	(7.0, 1.154911866630987)	(8.0, 0.8339613658751246)	(9.0, 0.671017134002999)	('>10', 4.056504300984094)	('>50', 0.31541191717495004)	('>100', 0.1614571509266468)	('>500', 0.0036729647022098566)	('>1k', 0.0)	('>5k', 0.0)	('>10k+', 0.06507220232992054)
SRR22576126	(1.0, 58.073615313865126)	(2.0, 22.192239704385457)	(3.0, 8.775667252242043)	(4.0, 3.907510025382005)	(5.0, 2.067324065454621)	(6.0, 1.1563298660037877)	(7.0, 0.7532498902848473)	(8.0, 0.4960756105406443)	(9.0, 0.4201245903282079)	('>10', 1.8885892759214225)	('>50', 0.13840970170914715)	('>100', 0.053317462208388365)	('>500', 0.0013446717541919359)	('>1k', 0.0)	('>5k', 0.0)	('>10k+', 0.07620256992014816)
SRR22576127	(1.0, 46.85175932540426)	(2.0, 20.61957814446566)	(3.0, 9.572910462244694)	(4.0, 5.086305355807929)	(5.0, 3.249054624951265)	(6.0, 2.335302571991682)	(7.0, 1.6772735817275426)	(8.0, 1.3093770852930953)	(9.0, 1.040080527933485)	('>10', 6.801546380296059)	('>50', 0.5606252343899372)	('>100', 0.4868104491304933)	('>500', 0.13580745906426672)	('>1k', 0.18856407154421267)	('>5k', 0.02797625281091209)	('>10k+', 0.05702847294433868)
SRR22576128	(1.0, 52.451152685324)	(2.0, 20.191240210740023)	(3.0, 8.221967091838952)	(4.0, 4.3460567710602)	(5.0, 2.661734601837451)	(6.0, 1.9644587656789467)	(7.0, 1.4310228855871487)	(8.0, 1.1042431878404706)	(9.0, 0.8973702098499623)	('>10', 6.005924678496555)	('>50', 0.38652034889523484)	('>100', 0.2647743883473869)	('>500', 0.007353200710568477)	('>1k', 0.0)	('>5k', 0.0)	('>10k+', 0.06618097379313949)
SRR22576129	(1.0, 56.16399311330681)	(2.0, 22.003985217496886)	(3.0, 8.96674165432945)	(4.0, 4.185059282782053)	(5.0, 2.337627290075365)	(6.0, 1.5256779274941275)	(7.0, 0.98635346905968)	(8.0, 0.7512660367567232)	(9.0, 0.5108626153454601)	('>10', 2.364321996080549)	('>50', 0.11131129802941034)	('>100', 0.03319504778982571)	('>500', 0.002791227304715276)	('>1k', 0.0)	('>5k', 0.0)	('>10k+', 0.05681382414897927)
SRR22576130	(1.0, 59.21413133522431)	(2.0, 21.44834735583805)	(3.0, 8.317624349597521)	(4.0, 3.725928535284769)	(5.0, 2.036046411129413)	(6.0, 1.20966830531502)	(7.0, 0.8695344495931848)	(8.0, 0.5640435029373387)	(9.0, 0.4067614863267092)	('>10', 2.0157855155688402)	('>50', 0.10900705040124214)	('>100', 0.032057915010014384)	('>500', 0.0)	('>1k', 0.0)	('>5k', 0.0)	('>10k+', 0.05106378777352592)
SRR22576131	(1.0, 59.64763580171992)	(2.0, 16.67347959244471)	(3.0, 6.7657629415741996)	(4.0, 3.801435125019656)	(5.0, 2.547328575790868)	(6.0, 1.8921636143551857)	(7.0, 1.4080297084498512)	(8.0, 1.1007840180525936)	(9.0, 0.9349222034002307)	('>10', 5.0627969733905225)	('>50', 0.09377697025312944)	('>100', 0.037737299509734826)	('>500', 0.0)	('>1k', 0.0)	('>5k', 0.0)	('>10k+', 0.03414717603940883)
SRR22576132	(1.0, 69.32391167309446)	(2.0, 16.70869088185169)	(3.0, 5.833156926730023)	(4.0, 2.7274548137491825)	(5.0, 1.5647511075247558)	(6.0, 0.9205862958593227)	(7.0, 0.6732320434457051)	(8.0, 0.4635172178569569)	(9.0, 0.31277991793938603)	('>10', 1.285921487555565)	('>50', 0.08640568495038346)	('>100', 0.06133351888349233)	('>500', 0.002121577163543176)	('>1k', 0.0)	('>5k', 0.0)	('>10k+', 0.03613685339547274)
