Sample	0	1	2	3	4	5	6	7	8	9	10	11	12	13	14	15	16	17	18	19	20	21	22	23	24	25	26	27	28
SRR22576095	(11.0, 28.0)	(12.0, 639.0)	(13.0, 2318.0)	(14.0, 4180.0)	(15.0, 5542.0)	(16.0, 6157.0)	(17.0, 6901.0)	(18.0, 8633.0)	(19.0, 12891.0)	(20.0, 22071.0)	(21.0, 40693.0)	(22.0, 73195.0)	(23.0, 115956.0)	(24.0, 152616.0)	(25.0, 171997.0)	(26.0, 186974.0)	(27.0, 218676.0)	(28.0, 270849.0)	(29.0, 353748.0)	(30.0, 477466.0)	(31.0, 684736.0)	(32.0, 1054876.0)	(33.0, 1803222.0)	(34.0, 3902853.0)	(35.0, 13830969.0)	(36.0, 50203036.0)	(37.0, 3436887.0)		
SRR22576096	(11.0, 12.0)	(12.0, 634.0)	(13.0, 3511.0)	(14.0, 7957.0)	(15.0, 10612.0)	(16.0, 11788.0)	(17.0, 12556.0)	(18.0, 15403.0)	(19.0, 22939.0)	(20.0, 40769.0)	(21.0, 73792.0)	(22.0, 125241.0)	(23.0, 187831.0)	(24.0, 238884.0)	(25.0, 268150.0)	(26.0, 294427.0)	(27.0, 345649.0)	(28.0, 429609.0)	(29.0, 555529.0)	(30.0, 748112.0)	(31.0, 1089552.0)	(32.0, 1696984.0)	(33.0, 2925457.0)	(34.0, 6411685.0)	(35.0, 23652312.0)	(36.0, 79726316.0)	(37.0, 7571443.0)		
SRR22576097	(11.0, 1.0)	(12.0, 136.0)	(13.0, 809.0)	(14.0, 1669.0)	(15.0, 2234.0)	(16.0, 2843.0)	(17.0, 3760.0)	(18.0, 6266.0)	(19.0, 11662.0)	(20.0, 22915.0)	(21.0, 44735.0)	(22.0, 82257.0)	(23.0, 139283.0)	(24.0, 215927.0)	(25.0, 302603.0)	(26.0, 399616.0)	(27.0, 512599.0)	(28.0, 654630.0)	(29.0, 832111.0)	(30.0, 1058362.0)	(31.0, 1371291.0)	(32.0, 1846219.0)	(33.0, 2720788.0)	(34.0, 4821624.0)	(35.0, 11869426.0)	(36.0, 18410461.0)	(37.0, 85798.0)		
SRR22576098	(11.0, 2.0)	(12.0, 81.0)	(13.0, 781.0)	(14.0, 1998.0)	(15.0, 3021.0)	(16.0, 3862.0)	(17.0, 5372.0)	(18.0, 8395.0)	(19.0, 15552.0)	(20.0, 28904.0)	(21.0, 51508.0)	(22.0, 85835.0)	(23.0, 137229.0)	(24.0, 207239.0)	(25.0, 294424.0)	(26.0, 399285.0)	(27.0, 522612.0)	(28.0, 684074.0)	(29.0, 888976.0)	(30.0, 1164574.0)	(31.0, 1551363.0)	(32.0, 2167104.0)	(33.0, 3324668.0)	(34.0, 6157128.0)	(35.0, 12777132.0)	(36.0, 15913696.0)	(37.0, 65185.0)		
SRR22576099	(11.0, 17.0)	(12.0, 624.0)	(13.0, 3552.0)	(14.0, 8077.0)	(15.0, 10384.0)	(16.0, 11520.0)	(17.0, 13894.0)	(18.0, 19631.0)	(19.0, 30729.0)	(20.0, 50121.0)	(21.0, 81361.0)	(22.0, 131819.0)	(23.0, 206815.0)	(24.0, 299422.0)	(25.0, 401198.0)	(26.0, 511704.0)	(27.0, 649038.0)	(28.0, 824939.0)	(29.0, 1081611.0)	(30.0, 1451741.0)	(31.0, 2072802.0)	(32.0, 3180427.0)	(33.0, 5355441.0)	(34.0, 10577268.0)	(35.0, 27879784.0)	(36.0, 89366053.0)	(37.0, 5164096.0)		
SRR22576100	(11.0, 2.0)	(12.0, 83.0)	(13.0, 557.0)	(14.0, 1411.0)	(15.0, 2134.0)	(16.0, 2356.0)	(17.0, 2882.0)	(18.0, 3938.0)	(19.0, 6418.0)	(20.0, 11424.0)	(21.0, 21195.0)	(22.0, 37139.0)	(23.0, 58672.0)	(24.0, 86904.0)	(25.0, 123366.0)	(26.0, 167706.0)	(27.0, 230356.0)	(28.0, 313428.0)	(29.0, 430153.0)	(30.0, 597048.0)	(31.0, 842593.0)	(32.0, 1239656.0)	(33.0, 2001898.0)	(34.0, 3919741.0)	(35.0, 9238450.0)	(36.0, 11896268.0)	(37.0, 45335.0)		
SRR22576101	(11.0, 6.0)	(12.0, 349.0)	(13.0, 2124.0)	(14.0, 4798.0)	(15.0, 6375.0)	(16.0, 7059.0)	(17.0, 7813.0)	(18.0, 10034.0)	(19.0, 15446.0)	(20.0, 26069.0)	(21.0, 44406.0)	(22.0, 72758.0)	(23.0, 114211.0)	(24.0, 164082.0)	(25.0, 219727.0)	(26.0, 283158.0)	(27.0, 364016.0)	(28.0, 469414.0)	(29.0, 619985.0)	(30.0, 835080.0)	(31.0, 1186229.0)	(32.0, 1800608.0)	(33.0, 2973625.0)	(34.0, 5684048.0)	(35.0, 14294941.0)	(36.0, 45025779.0)	(37.0, 2830921.0)		
SRR22576102	(9.0, 1.0)	(10.0, 0.0)	(11.0, 16.0)	(12.0, 521.0)	(13.0, 1882.0)	(14.0, 3566.0)	(15.0, 4595.0)	(16.0, 5630.0)	(17.0, 7312.0)	(18.0, 11061.0)	(19.0, 19443.0)	(20.0, 33548.0)	(21.0, 57576.0)	(22.0, 94705.0)	(23.0, 142862.0)	(24.0, 192229.0)	(25.0, 232934.0)	(26.0, 275341.0)	(27.0, 335543.0)	(28.0, 418538.0)	(29.0, 541231.0)	(30.0, 719853.0)	(31.0, 1007186.0)	(32.0, 1516737.0)	(33.0, 2504408.0)	(34.0, 4954218.0)	(35.0, 14555836.0)	(36.0, 58419172.0)	(37.0, 4628992.0)
SRR22576103	(10.0, 1.0)	(11.0, 4.0)	(12.0, 339.0)	(13.0, 1860.0)	(14.0, 4117.0)	(15.0, 5265.0)	(16.0, 5977.0)	(17.0, 7075.0)	(18.0, 9526.0)	(19.0, 14837.0)	(20.0, 26098.0)	(21.0, 46980.0)	(22.0, 83601.0)	(23.0, 137750.0)	(24.0, 196145.0)	(25.0, 248457.0)	(26.0, 298450.0)	(27.0, 366219.0)	(28.0, 455706.0)	(29.0, 586008.0)	(30.0, 772192.0)	(31.0, 1068626.0)	(32.0, 1592176.0)	(33.0, 2626464.0)	(34.0, 5259926.0)	(35.0, 15257262.0)	(36.0, 60541789.0)	(37.0, 4333355.0)	
SRR22576104	(11.0, 25.0)	(12.0, 559.0)	(13.0, 3162.0)	(14.0, 6943.0)	(15.0, 9755.0)	(16.0, 11325.0)	(17.0, 14565.0)	(18.0, 23202.0)	(19.0, 39351.0)	(20.0, 66367.0)	(21.0, 105843.0)	(22.0, 164308.0)	(23.0, 241489.0)	(24.0, 320686.0)	(25.0, 388747.0)	(26.0, 460555.0)	(27.0, 557233.0)	(28.0, 690776.0)	(29.0, 885361.0)	(30.0, 1156615.0)	(31.0, 1595096.0)	(32.0, 2339036.0)	(33.0, 3733603.0)	(34.0, 7051426.0)	(35.0, 18889250.0)	(36.0, 68385366.0)	(37.0, 5182328.0)		
SRR22576105	(9.0, 1.0)	(10.0, 1.0)	(11.0, 22.0)	(12.0, 1240.0)	(13.0, 7765.0)	(14.0, 19051.0)	(15.0, 25160.0)	(16.0, 26922.0)	(17.0, 27364.0)	(18.0, 32854.0)	(19.0, 49667.0)	(20.0, 84821.0)	(21.0, 150318.0)	(22.0, 254067.0)	(23.0, 389244.0)	(24.0, 522735.0)	(25.0, 628929.0)	(26.0, 739640.0)	(27.0, 896009.0)	(28.0, 1115166.0)	(29.0, 1443334.0)	(30.0, 1910473.0)	(31.0, 2679369.0)	(32.0, 4019736.0)	(33.0, 6608316.0)	(34.0, 13971218.0)	(35.0, 49117903.0)	(36.0, 192226747.0)	(37.0, 18115939.0)
SRR22576106	(11.0, 3.0)	(12.0, 99.0)	(13.0, 882.0)	(14.0, 2376.0)	(15.0, 3378.0)	(16.0, 4046.0)	(17.0, 4955.0)	(18.0, 6852.0)	(19.0, 11764.0)	(20.0, 22454.0)	(21.0, 42334.0)	(22.0, 74016.0)	(23.0, 121370.0)	(24.0, 187944.0)	(25.0, 270332.0)	(26.0, 366013.0)	(27.0, 483042.0)	(28.0, 626915.0)	(29.0, 807365.0)	(30.0, 1041986.0)	(31.0, 1362924.0)	(32.0, 1865893.0)	(33.0, 2824672.0)	(34.0, 5484826.0)	(35.0, 11710057.0)	(36.0, 17264043.0)	(37.0, 85062.0)		
SRR22576107	(11.0, 3.0)	(12.0, 107.0)	(13.0, 809.0)	(14.0, 1974.0)	(15.0, 2804.0)	(16.0, 3534.0)	(17.0, 5065.0)	(18.0, 8256.0)	(19.0, 15709.0)	(20.0, 30112.0)	(21.0, 52708.0)	(22.0, 82640.0)	(23.0, 119835.0)	(24.0, 165115.0)	(25.0, 220508.0)	(26.0, 289714.0)	(27.0, 380247.0)	(28.0, 501860.0)	(29.0, 666334.0)	(30.0, 895196.0)	(31.0, 1228148.0)	(32.0, 1763542.0)	(33.0, 2766572.0)	(34.0, 5184488.0)	(35.0, 11140134.0)	(36.0, 12932036.0)	(37.0, 49110.0)		
SRR22576108	(12.0, 81.0)	(13.0, 727.0)	(14.0, 2001.0)	(15.0, 2943.0)	(16.0, 3471.0)	(17.0, 4130.0)	(18.0, 5845.0)	(19.0, 9829.0)	(20.0, 18371.0)	(21.0, 35309.0)	(22.0, 62998.0)	(23.0, 103921.0)	(24.0, 161319.0)	(25.0, 233239.0)	(26.0, 319468.0)	(27.0, 421441.0)	(28.0, 550573.0)	(29.0, 711720.0)	(30.0, 921334.0)	(31.0, 1208926.0)	(32.0, 1645328.0)	(33.0, 2468514.0)	(34.0, 4702349.0)	(35.0, 10802343.0)	(36.0, 16871644.0)	(37.0, 101103.0)			
SRR22576109	(11.0, 2.0)	(12.0, 82.0)	(13.0, 683.0)	(14.0, 1840.0)	(15.0, 3036.0)	(16.0, 4016.0)	(17.0, 5602.0)	(18.0, 8750.0)	(19.0, 15796.0)	(20.0, 30217.0)	(21.0, 55602.0)	(22.0, 93160.0)	(23.0, 144931.0)	(24.0, 208127.0)	(25.0, 279966.0)	(26.0, 364970.0)	(27.0, 472466.0)	(28.0, 613496.0)	(29.0, 797823.0)	(30.0, 1049484.0)	(31.0, 1410217.0)	(32.0, 1977839.0)	(33.0, 3016564.0)	(34.0, 5396638.0)	(35.0, 11150227.0)	(36.0, 13725126.0)	(37.0, 47608.0)		
SRR22576110	(10.0, 2.0)	(11.0, 23.0)	(12.0, 1390.0)	(13.0, 9553.0)	(14.0, 26077.0)	(15.0, 42042.0)	(16.0, 52619.0)	(17.0, 69589.0)	(18.0, 105685.0)	(19.0, 176486.0)	(20.0, 314422.0)	(21.0, 585201.0)	(22.0, 1092252.0)	(23.0, 1831916.0)	(24.0, 2605436.0)	(25.0, 3213926.0)	(26.0, 3722802.0)	(27.0, 4394769.0)	(28.0, 5315255.0)	(29.0, 6717483.0)	(30.0, 8772508.0)	(31.0, 12306705.0)	(32.0, 18828380.0)	(33.0, 32015192.0)	(34.0, 64757098.0)	(35.0, 165624067.0)	(36.0, 378918285.0)	(37.0, 16535392.0)	
SRR22576112	(11.0, 23.0)	(12.0, 943.0)	(13.0, 7392.0)	(14.0, 22048.0)	(15.0, 36533.0)	(16.0, 45244.0)	(17.0, 53606.0)	(18.0, 68454.0)	(19.0, 100432.0)	(20.0, 171233.0)	(21.0, 315326.0)	(22.0, 573628.0)	(23.0, 954885.0)	(24.0, 1378860.0)	(25.0, 1766128.0)	(26.0, 2133111.0)	(27.0, 2633637.0)	(28.0, 3334991.0)	(29.0, 4404660.0)	(30.0, 5977490.0)	(31.0, 8621888.0)	(32.0, 13499842.0)	(33.0, 23917308.0)	(34.0, 52530162.0)	(35.0, 161123401.0)	(36.0, 538053798.0)	(37.0, 28472269.0)		
SRR22576113	(11.0, 3.0)	(12.0, 73.0)	(13.0, 664.0)	(14.0, 1601.0)	(15.0, 2530.0)	(16.0, 3153.0)	(17.0, 3671.0)	(18.0, 5299.0)	(19.0, 9005.0)	(20.0, 18424.0)	(21.0, 36760.0)	(22.0, 69311.0)	(23.0, 123309.0)	(24.0, 201120.0)	(25.0, 294737.0)	(26.0, 395671.0)	(27.0, 512065.0)	(28.0, 652885.0)	(29.0, 829773.0)	(30.0, 1055773.0)	(31.0, 1367754.0)	(32.0, 1849830.0)	(33.0, 2766148.0)	(34.0, 5138045.0)	(35.0, 11322100.0)	(36.0, 16227707.0)	(37.0, 71560.0)		
SRR22576114	(11.0, 9.0)	(12.0, 276.0)	(13.0, 1592.0)	(14.0, 3756.0)	(15.0, 4914.0)	(16.0, 5722.0)	(17.0, 7042.0)	(18.0, 10057.0)	(19.0, 16381.0)	(20.0, 28770.0)	(21.0, 51246.0)	(22.0, 89663.0)	(23.0, 144257.0)	(24.0, 199535.0)	(25.0, 245535.0)	(26.0, 289737.0)	(27.0, 352687.0)	(28.0, 437036.0)	(29.0, 562585.0)	(30.0, 743590.0)	(31.0, 1035459.0)	(32.0, 1556071.0)	(33.0, 2576979.0)	(34.0, 5132267.0)	(35.0, 14191512.0)	(36.0, 48353282.0)	(37.0, 3263268.0)		
SRR22576115	(11.0, 12.0)	(12.0, 651.0)	(13.0, 3922.0)	(14.0, 9515.0)	(15.0, 13340.0)	(16.0, 15060.0)	(17.0, 16021.0)	(18.0, 20328.0)	(19.0, 30110.0)	(20.0, 50815.0)	(21.0, 87823.0)	(22.0, 147133.0)	(23.0, 225009.0)	(24.0, 299619.0)	(25.0, 354845.0)	(26.0, 408438.0)	(27.0, 489019.0)	(28.0, 607092.0)	(29.0, 781460.0)	(30.0, 1029831.0)	(31.0, 1444460.0)	(32.0, 2180231.0)	(33.0, 3562505.0)	(34.0, 7104784.0)	(35.0, 23446043.0)	(36.0, 101978932.0)	(37.0, 10567372.0)		
SRR22576116	(11.0, 15.0)	(12.0, 314.0)	(13.0, 1553.0)	(14.0, 3092.0)	(15.0, 4276.0)	(16.0, 4770.0)	(17.0, 5965.0)	(18.0, 8570.0)	(19.0, 13480.0)	(20.0, 23298.0)	(21.0, 41784.0)	(22.0, 73305.0)	(23.0, 117119.0)	(24.0, 159823.0)	(25.0, 191339.0)	(26.0, 226695.0)	(27.0, 282173.0)	(28.0, 363361.0)	(29.0, 495443.0)	(30.0, 696794.0)	(31.0, 1054407.0)	(32.0, 1721589.0)	(33.0, 3095116.0)	(34.0, 6433778.0)	(35.0, 17141770.0)	(36.0, 45582937.0)	(37.0, 2281801.0)		
SRR22576117	(11.0, 32.0)	(12.0, 679.0)	(13.0, 3107.0)	(14.0, 6171.0)	(15.0, 7808.0)	(16.0, 8910.0)	(17.0, 11140.0)	(18.0, 17776.0)	(19.0, 30945.0)	(20.0, 54920.0)	(21.0, 94305.0)	(22.0, 152942.0)	(23.0, 233407.0)	(24.0, 324649.0)	(25.0, 421440.0)	(26.0, 521233.0)	(27.0, 652236.0)	(28.0, 816566.0)	(29.0, 1058304.0)	(30.0, 1401621.0)	(31.0, 1958960.0)	(32.0, 2916724.0)	(33.0, 4703992.0)	(34.0, 8772703.0)	(35.0, 21750425.0)	(36.0, 71299838.0)	(37.0, 4701357.0)		
SRR22576118	(11.0, 1.0)	(12.0, 103.0)	(13.0, 720.0)	(14.0, 1828.0)	(15.0, 2505.0)	(16.0, 3186.0)	(17.0, 4705.0)	(18.0, 8158.0)	(19.0, 15378.0)	(20.0, 29534.0)	(21.0, 55086.0)	(22.0, 97839.0)	(23.0, 164031.0)	(24.0, 258670.0)	(25.0, 363522.0)	(26.0, 472140.0)	(27.0, 591855.0)	(28.0, 733791.0)	(29.0, 908396.0)	(30.0, 1131899.0)	(31.0, 1451736.0)	(32.0, 1946684.0)	(33.0, 2866275.0)	(34.0, 5069618.0)	(35.0, 10312025.0)	(36.0, 12902510.0)	(37.0, 53227.0)		
SRR22576119	(11.0, 15.0)	(12.0, 321.0)	(13.0, 2053.0)	(14.0, 5097.0)	(15.0, 7130.0)	(16.0, 7593.0)	(17.0, 7592.0)	(18.0, 8630.0)	(19.0, 12330.0)	(20.0, 21405.0)	(21.0, 39699.0)	(22.0, 72841.0)	(23.0, 119689.0)	(24.0, 161806.0)	(25.0, 182840.0)	(26.0, 198034.0)	(27.0, 231026.0)	(28.0, 289284.0)	(29.0, 378758.0)	(30.0, 511206.0)	(31.0, 731288.0)	(32.0, 1116059.0)	(33.0, 1888042.0)	(34.0, 3988001.0)	(35.0, 13393459.0)	(36.0, 56314846.0)	(37.0, 4328796.0)		
SRR22576120	(11.0, 35.0)	(12.0, 1194.0)	(13.0, 5048.0)	(14.0, 10009.0)	(15.0, 13361.0)	(16.0, 15516.0)	(17.0, 18282.0)	(18.0, 25083.0)	(19.0, 40138.0)	(20.0, 68175.0)	(21.0, 117294.0)	(22.0, 193531.0)	(23.0, 289671.0)	(24.0, 382623.0)	(25.0, 448938.0)	(26.0, 514925.0)	(27.0, 616884.0)	(28.0, 760723.0)	(29.0, 976534.0)	(30.0, 1281807.0)	(31.0, 1794881.0)	(32.0, 2703067.0)	(33.0, 4415241.0)	(34.0, 8844585.0)	(35.0, 29255913.0)	(36.0, 110003755.0)	(37.0, 10059729.0)		
SRR22576121	(11.0, 23.0)	(12.0, 434.0)	(13.0, 1863.0)	(14.0, 4056.0)	(15.0, 5291.0)	(16.0, 6208.0)	(17.0, 7476.0)	(18.0, 11267.0)	(19.0, 18878.0)	(20.0, 32485.0)	(21.0, 55757.0)	(22.0, 94553.0)	(23.0, 148865.0)	(24.0, 202752.0)	(25.0, 244756.0)	(26.0, 284307.0)	(27.0, 343094.0)	(28.0, 426507.0)	(29.0, 547222.0)	(30.0, 716996.0)	(31.0, 987440.0)	(32.0, 1454355.0)	(33.0, 2327427.0)	(34.0, 4492727.0)	(35.0, 13452279.0)	(36.0, 54091673.0)	(37.0, 4765210.0)		
SRR22576122	(11.0, 21.0)	(12.0, 830.0)	(13.0, 4630.0)	(14.0, 11672.0)	(15.0, 17033.0)	(16.0, 18904.0)	(17.0, 19126.0)	(18.0, 20709.0)	(19.0, 27061.0)	(20.0, 41378.0)	(21.0, 69114.0)	(22.0, 116052.0)	(23.0, 182689.0)	(24.0, 248662.0)	(25.0, 303592.0)	(26.0, 360426.0)	(27.0, 441283.0)	(28.0, 550659.0)	(29.0, 718244.0)	(30.0, 960838.0)	(31.0, 1370605.0)	(32.0, 2102072.0)	(33.0, 3577043.0)	(34.0, 7364245.0)	(35.0, 22046323.0)	(36.0, 80785454.0)	(37.0, 5332208.0)		
SRR22576123	(11.0, 18.0)	(12.0, 528.0)	(13.0, 2861.0)	(14.0, 6580.0)	(15.0, 9417.0)	(16.0, 11188.0)	(17.0, 12644.0)	(18.0, 15678.0)	(19.0, 21679.0)	(20.0, 32883.0)	(21.0, 54186.0)	(22.0, 91617.0)	(23.0, 143151.0)	(24.0, 190352.0)	(25.0, 216211.0)	(26.0, 237064.0)	(27.0, 284721.0)	(28.0, 364839.0)	(29.0, 490879.0)	(30.0, 686415.0)	(31.0, 1018969.0)	(32.0, 1644215.0)	(33.0, 2983798.0)	(34.0, 6587830.0)	(35.0, 20483189.0)	(36.0, 67716715.0)	(37.0, 3975172.0)		
SRR22576124	(11.0, 10.0)	(12.0, 424.0)	(13.0, 1947.0)	(14.0, 4327.0)	(15.0, 5500.0)	(16.0, 5951.0)	(17.0, 6372.0)	(18.0, 7635.0)	(19.0, 11212.0)	(20.0, 18451.0)	(21.0, 33632.0)	(22.0, 59551.0)	(23.0, 95723.0)	(24.0, 131975.0)	(25.0, 161103.0)	(26.0, 189587.0)	(27.0, 235252.0)	(28.0, 300410.0)	(29.0, 397567.0)	(30.0, 537442.0)	(31.0, 767533.0)	(32.0, 1173327.0)	(33.0, 1973811.0)	(34.0, 4046932.0)	(35.0, 12579001.0)	(36.0, 57145954.0)	(37.0, 4761955.0)		
SRR22576125	(11.0, 22.0)	(12.0, 695.0)	(13.0, 4051.0)	(14.0, 9100.0)	(15.0, 11579.0)	(16.0, 12530.0)	(17.0, 13521.0)	(18.0, 18390.0)	(19.0, 29630.0)	(20.0, 52980.0)	(21.0, 97235.0)	(22.0, 172357.0)	(23.0, 278610.0)	(24.0, 384081.0)	(25.0, 467129.0)	(26.0, 545326.0)	(27.0, 655583.0)	(28.0, 813474.0)	(29.0, 1044353.0)	(30.0, 1372239.0)	(31.0, 1914751.0)	(32.0, 2868077.0)	(33.0, 4719177.0)	(34.0, 9352586.0)	(35.0, 26389443.0)	(36.0, 93324451.0)	(37.0, 6556406.0)		
SRR22576126	(11.0, 49.0)	(12.0, 916.0)	(13.0, 2996.0)	(14.0, 5794.0)	(15.0, 7706.0)	(16.0, 8796.0)	(17.0, 10232.0)	(18.0, 12914.0)	(19.0, 19188.0)	(20.0, 31051.0)	(21.0, 54961.0)	(22.0, 94940.0)	(23.0, 152410.0)	(24.0, 207913.0)	(25.0, 251856.0)	(26.0, 293033.0)	(27.0, 353471.0)	(28.0, 438420.0)	(29.0, 561878.0)	(30.0, 738751.0)	(31.0, 1017734.0)	(32.0, 1495131.0)	(33.0, 2435178.0)	(34.0, 4848899.0)	(35.0, 15219558.0)	(36.0, 74788413.0)	(37.0, 6876605.0)		
SRR22576127	(11.0, 16.0)	(12.0, 361.0)	(13.0, 1775.0)	(14.0, 3689.0)	(15.0, 5108.0)	(16.0, 6236.0)	(17.0, 7740.0)	(18.0, 11455.0)	(19.0, 18320.0)	(20.0, 31135.0)	(21.0, 54134.0)	(22.0, 94322.0)	(23.0, 154629.0)	(24.0, 219717.0)	(25.0, 272146.0)	(26.0, 322073.0)	(27.0, 392716.0)	(28.0, 495144.0)	(29.0, 652614.0)	(30.0, 879181.0)	(31.0, 1252652.0)	(32.0, 1926539.0)	(33.0, 3302712.0)	(34.0, 6872210.0)	(35.0, 19961278.0)	(36.0, 62091928.0)	(37.0, 3683123.0)		
SRR22576128	(11.0, 6.0)	(12.0, 147.0)	(13.0, 877.0)	(14.0, 2085.0)	(15.0, 2751.0)	(16.0, 3089.0)	(17.0, 3197.0)	(18.0, 3999.0)	(19.0, 6019.0)	(20.0, 10166.0)	(21.0, 18362.0)	(22.0, 33962.0)	(23.0, 58646.0)	(24.0, 86327.0)	(25.0, 109071.0)	(26.0, 132933.0)	(27.0, 163498.0)	(28.0, 208476.0)	(29.0, 272718.0)	(30.0, 363771.0)	(31.0, 511516.0)	(32.0, 773969.0)	(33.0, 1297049.0)	(34.0, 2649991.0)	(35.0, 7823938.0)	(36.0, 28454485.0)	(37.0, 1944676.0)		
SRR22576129	(11.0, 22.0)	(12.0, 475.0)	(13.0, 2147.0)	(14.0, 4108.0)	(15.0, 5242.0)	(16.0, 5736.0)	(17.0, 6570.0)	(18.0, 9202.0)	(19.0, 15065.0)	(20.0, 26515.0)	(21.0, 48160.0)	(22.0, 89188.0)	(23.0, 153230.0)	(24.0, 227417.0)	(25.0, 290774.0)	(26.0, 349719.0)	(27.0, 435560.0)	(28.0, 548545.0)	(29.0, 719743.0)	(30.0, 963827.0)	(31.0, 1375389.0)	(32.0, 2126113.0)	(33.0, 3636458.0)	(34.0, 7357410.0)	(35.0, 19359688.0)	(36.0, 48301895.0)	(37.0, 2223902.0)		
SRR22576130	(11.0, 11.0)	(12.0, 268.0)	(13.0, 1402.0)	(14.0, 2713.0)	(15.0, 3377.0)	(16.0, 3866.0)	(17.0, 4436.0)	(18.0, 5812.0)	(19.0, 9352.0)	(20.0, 16893.0)	(21.0, 31265.0)	(22.0, 57223.0)	(23.0, 95958.0)	(24.0, 139141.0)	(25.0, 176498.0)	(26.0, 214412.0)	(27.0, 263751.0)	(28.0, 331364.0)	(29.0, 426993.0)	(30.0, 565974.0)	(31.0, 791556.0)	(32.0, 1183928.0)	(33.0, 1987331.0)	(34.0, 4094411.0)	(35.0, 12447564.0)	(36.0, 51456473.0)	(37.0, 3783473.0)		
SRR22576131	(12.0, 79.0)	(13.0, 607.0)	(14.0, 1647.0)	(15.0, 2445.0)	(16.0, 2798.0)	(17.0, 3148.0)	(18.0, 4071.0)	(19.0, 6393.0)	(20.0, 12277.0)	(21.0, 24433.0)	(22.0, 46986.0)	(23.0, 83861.0)	(24.0, 135046.0)	(25.0, 195314.0)	(26.0, 263322.0)	(27.0, 344611.0)	(28.0, 448313.0)	(29.0, 585674.0)	(30.0, 763140.0)	(31.0, 1011549.0)	(32.0, 1397013.0)	(33.0, 2176883.0)	(34.0, 4582664.0)	(35.0, 9811481.0)	(36.0, 13161142.0)	(37.0, 79581.0)			
SRR22576132	(12.0, 135.0)	(13.0, 857.0)	(14.0, 2010.0)	(15.0, 2741.0)	(16.0, 3167.0)	(17.0, 4110.0)	(18.0, 6679.0)	(19.0, 12392.0)	(20.0, 24960.0)	(21.0, 47538.0)	(22.0, 82046.0)	(23.0, 130651.0)	(24.0, 194143.0)	(25.0, 267504.0)	(26.0, 353151.0)	(27.0, 459385.0)	(28.0, 597683.0)	(29.0, 776094.0)	(30.0, 1016617.0)	(31.0, 1360016.0)	(32.0, 1910912.0)	(33.0, 3071032.0)	(34.0, 6089180.0)	(35.0, 10017427.0)	(36.0, 15007003.0)	(37.0, 65973.0)			
