Sample	0	1	2	3	4	5	6	7	8	9	10	11	12	13	14
SRR22576095	(24.0, 2.0)	(25.0, 45.0)	(26.0, 416.0)	(27.0, 2660.0)	(28.0, 11502.0)	(29.0, 39457.0)	(30.0, 117832.0)	(31.0, 304347.0)	(32.0, 687627.0)	(33.0, 1483581.0)	(34.0, 3451490.0)	(35.0, 12354962.0)	(36.0, 52027653.0)	(37.0, 3602897.0)	
SRR22576096	(24.0, 1.0)	(25.0, 47.0)	(26.0, 621.0)	(27.0, 3907.0)	(28.0, 17740.0)	(29.0, 62357.0)	(30.0, 180969.0)	(31.0, 462299.0)	(32.0, 1026206.0)	(33.0, 2177373.0)	(34.0, 5028476.0)	(35.0, 18625218.0)	(36.0, 85564738.0)	(37.0, 8294843.0)	
SRR22576097	(24.0, 3.0)	(25.0, 49.0)	(26.0, 738.0)	(27.0, 5540.0)	(28.0, 27400.0)	(29.0, 101246.0)	(30.0, 293903.0)	(31.0, 719664.0)	(32.0, 1473205.0)	(33.0, 2737468.0)	(34.0, 5072803.0)	(35.0, 12097702.0)	(36.0, 19781593.0)	(37.0, 101286.0)	
SRR22576098	(24.0, 4.0)	(25.0, 45.0)	(26.0, 584.0)	(27.0, 4625.0)	(28.0, 23413.0)	(29.0, 91823.0)	(30.0, 283007.0)	(31.0, 744931.0)	(32.0, 1651044.0)	(33.0, 3276232.0)	(34.0, 6223862.0)	(35.0, 13514814.0)	(36.0, 17511445.0)	(37.0, 77178.0)	
SRR22576099	(24.0, 2.0)	(25.0, 79.0)	(26.0, 1153.0)	(27.0, 8607.0)	(28.0, 41541.0)	(29.0, 154124.0)	(30.0, 442953.0)	(31.0, 1100985.0)	(32.0, 2399306.0)	(33.0, 4973774.0)	(34.0, 10570072.0)	(35.0, 27965088.0)	(36.0, 89994836.0)	(37.0, 5228683.0)	
SRR22576100	(24.0, 3.0)	(25.0, 13.0)	(26.0, 184.0)	(27.0, 1573.0)	(28.0, 8039.0)	(29.0, 34087.0)	(30.0, 115235.0)	(31.0, 333391.0)	(32.0, 811421.0)	(33.0, 1764131.0)	(34.0, 3701955.0)	(35.0, 9271179.0)	(36.0, 13400934.0)	(37.0, 55684.0)	
SRR22576101	(23.0, 1.0)	(24.0, 2.0)	(25.0, 44.0)	(26.0, 651.0)	(27.0, 5204.0)	(28.0, 25012.0)	(29.0, 92284.0)	(30.0, 263269.0)	(31.0, 647976.0)	(32.0, 1379502.0)	(33.0, 2772762.0)	(34.0, 5660078.0)	(35.0, 14282046.0)	(36.0, 45379491.0)	(37.0, 2867888.0)
SRR22576102	(24.0, 5.0)	(25.0, 46.0)	(26.0, 696.0)	(27.0, 4597.0)	(28.0, 20945.0)	(29.0, 73674.0)	(30.0, 209105.0)	(31.0, 514194.0)	(32.0, 1094698.0)	(33.0, 2234062.0)	(34.0, 4771593.0)	(35.0, 13931886.0)	(36.0, 59227447.0)	(37.0, 4760273.0)	
SRR22576103	(24.0, 1.0)	(25.0, 52.0)	(26.0, 625.0)	(27.0, 4886.0)	(28.0, 21823.0)	(29.0, 78912.0)	(30.0, 221752.0)	(31.0, 543672.0)	(32.0, 1158254.0)	(33.0, 2373406.0)	(34.0, 5145613.0)	(35.0, 15085596.0)	(36.0, 61055616.0)	(37.0, 4388888.0)	
SRR22576104	(24.0, 3.0)	(25.0, 108.0)	(26.0, 1369.0)	(27.0, 9411.0)	(28.0, 41735.0)	(29.0, 144386.0)	(30.0, 391964.0)	(31.0, 914645.0)	(32.0, 1838898.0)	(33.0, 3501931.0)	(34.0, 6948294.0)	(35.0, 18478570.0)	(36.0, 69205670.0)	(37.0, 5280082.0)	
SRR22576105	(24.0, 5.0)	(25.0, 144.0)	(26.0, 1842.0)	(27.0, 12359.0)	(28.0, 56468.0)	(29.0, 199371.0)	(30.0, 552433.0)	(31.0, 1315242.0)	(32.0, 2698570.0)	(33.0, 5267512.0)	(34.0, 11326006.0)	(35.0, 40504887.0)	(36.0, 202818733.0)	(37.0, 19166559.0)	
SRR22576106	(24.0, 1.0)	(25.0, 54.0)	(26.0, 627.0)	(27.0, 4894.0)	(28.0, 24598.0)	(29.0, 94178.0)	(30.0, 279749.0)	(31.0, 703083.0)	(32.0, 1464782.0)	(33.0, 2755149.0)	(34.0, 5121658.0)	(35.0, 12132319.0)	(36.0, 19208391.0)	(37.0, 97913.0)	
SRR22576107	(25.0, 32.0)	(26.0, 415.0)	(27.0, 3498.0)	(28.0, 16653.0)	(29.0, 64288.0)	(30.0, 202058.0)	(31.0, 554079.0)	(32.0, 1288253.0)	(33.0, 2660498.0)	(34.0, 5192781.0)	(35.0, 11533148.0)	(36.0, 14302242.0)	(37.0, 58965.0)		
SRR22576108	(24.0, 2.0)	(25.0, 48.0)	(26.0, 612.0)	(27.0, 4633.0)	(28.0, 22382.0)	(29.0, 84012.0)	(30.0, 248371.0)	(31.0, 621417.0)	(32.0, 1277908.0)	(33.0, 2372366.0)	(34.0, 4377389.0)	(35.0, 10785626.0)	(36.0, 18960092.0)	(37.0, 115312.0)	
SRR22576109	(24.0, 2.0)	(25.0, 56.0)	(26.0, 639.0)	(27.0, 5021.0)	(28.0, 24291.0)	(29.0, 91754.0)	(30.0, 276685.0)	(31.0, 717359.0)	(32.0, 1567385.0)	(33.0, 3059509.0)	(34.0, 5646707.0)	(35.0, 11765727.0)	(36.0, 14752023.0)	(37.0, 55540.0)	
SRR22576110	(23.0, 1.0)	(24.0, 28.0)	(25.0, 889.0)	(26.0, 10511.0)	(27.0, 73798.0)	(28.0, 325960.0)	(29.0, 1116904.0)	(30.0, 2995358.0)	(31.0, 7031964.0)	(32.0, 14731102.0)	(33.0, 30012886.0)	(34.0, 64263702.0)	(35.0, 165519291.0)	(36.0, 385155808.0)	(37.0, 17032600.0)
SRR22576112	(24.0, 13.0)	(25.0, 375.0)	(26.0, 4389.0)	(27.0, 32427.0)	(28.0, 155024.0)	(29.0, 564735.0)	(30.0, 1614649.0)	(31.0, 4069674.0)	(32.0, 9213676.0)	(33.0, 20640263.0)	(34.0, 50323332.0)	(35.0, 159651140.0)	(36.0, 541705558.0)	(37.0, 28826723.0)	
SRR22576113	(24.0, 2.0)	(25.0, 73.0)	(26.0, 732.0)	(27.0, 5647.0)	(28.0, 27773.0)	(29.0, 104673.0)	(30.0, 302277.0)	(31.0, 737749.0)	(32.0, 1501984.0)	(33.0, 2772003.0)	(34.0, 5053287.0)	(35.0, 11699267.0)	(36.0, 17807499.0)	(37.0, 83784.0)	
SRR22576114	(24.0, 6.0)	(25.0, 63.0)	(26.0, 669.0)	(27.0, 4827.0)	(28.0, 21464.0)	(29.0, 78125.0)	(30.0, 221730.0)	(31.0, 545779.0)	(32.0, 1165714.0)	(33.0, 2375251.0)	(34.0, 5055997.0)	(35.0, 13992999.0)	(36.0, 49028211.0)	(37.0, 3330303.0)	
SRR22576115	(24.0, 3.0)	(25.0, 89.0)	(26.0, 965.0)	(27.0, 6510.0)	(28.0, 29548.0)	(29.0, 105153.0)	(30.0, 293136.0)	(31.0, 708779.0)	(32.0, 1479427.0)	(33.0, 2935323.0)	(34.0, 6186780.0)	(35.0, 20070961.0)	(36.0, 105784566.0)	(37.0, 11108890.0)	
SRR22576116	(24.0, 1.0)	(25.0, 52.0)	(26.0, 551.0)	(27.0, 3488.0)	(28.0, 16149.0)	(29.0, 61938.0)	(30.0, 191986.0)	(31.0, 523636.0)	(32.0, 1239139.0)	(33.0, 2784477.0)	(34.0, 6287501.0)	(35.0, 16915382.0)	(36.0, 45996744.0)	(37.0, 2331239.0)	
SRR22576117	(24.0, 1.0)	(25.0, 110.0)	(26.0, 1409.0)	(27.0, 10259.0)	(28.0, 47732.0)	(29.0, 170339.0)	(30.0, 471061.0)	(31.0, 1123319.0)	(32.0, 2315544.0)	(33.0, 4501008.0)	(34.0, 8878967.0)	(35.0, 21921045.0)	(36.0, 71789620.0)	(37.0, 4753965.0)	
SRR22576118	(24.0, 3.0)	(25.0, 70.0)	(26.0, 810.0)	(27.0, 6589.0)	(28.0, 32361.0)	(29.0, 116298.0)	(30.0, 327411.0)	(31.0, 792986.0)	(32.0, 1623470.0)	(33.0, 3006373.0)	(34.0, 5341371.0)	(35.0, 10924406.0)	(36.0, 14185106.0)	(37.0, 61656.0)	
SRR22576119	(24.0, 2.0)	(25.0, 44.0)	(26.0, 435.0)	(27.0, 2903.0)	(28.0, 12459.0)	(29.0, 44180.0)	(30.0, 131032.0)	(31.0, 339911.0)	(32.0, 755340.0)	(33.0, 1596244.0)	(34.0, 3630894.0)	(35.0, 12360383.0)	(36.0, 57582196.0)	(37.0, 4501938.0)	
SRR22576120	(24.0, 6.0)	(25.0, 122.0)	(26.0, 1388.0)	(27.0, 9274.0)	(28.0, 40454.0)	(29.0, 138300.0)	(30.0, 380151.0)	(31.0, 904123.0)	(32.0, 1868131.0)	(33.0, 3688214.0)	(34.0, 7760610.0)	(35.0, 25105809.0)	(36.0, 114972225.0)	(37.0, 10626609.0)	
SRR22576121	(24.0, 1.0)	(25.0, 57.0)	(26.0, 715.0)	(27.0, 4601.0)	(28.0, 20170.0)	(29.0, 70202.0)	(30.0, 197006.0)	(31.0, 478223.0)	(32.0, 1023647.0)	(33.0, 2100994.0)	(34.0, 4398591.0)	(35.0, 12615355.0)	(36.0, 55416549.0)	(37.0, 4930051.0)	
SRR22576122	(25.0, 69.0)	(26.0, 822.0)	(27.0, 5486.0)	(28.0, 25306.0)	(29.0, 93686.0)	(30.0, 270385.0)	(31.0, 681068.0)	(32.0, 1497395.0)	(33.0, 3169107.0)	(34.0, 7044124.0)	(35.0, 21279177.0)	(36.0, 81887046.0)	(37.0, 5456821.0)		
SRR22576123	(24.0, 1.0)	(25.0, 42.0)	(26.0, 511.0)	(27.0, 3061.0)	(28.0, 13048.0)	(29.0, 49264.0)	(30.0, 155666.0)	(31.0, 441596.0)	(32.0, 1082154.0)	(33.0, 2541581.0)	(34.0, 6221689.0)	(35.0, 19760491.0)	(36.0, 68428469.0)	(37.0, 4083549.0)	
SRR22576124	(24.0, 1.0)	(25.0, 39.0)	(26.0, 387.0)	(27.0, 2823.0)	(28.0, 12949.0)	(29.0, 48665.0)	(30.0, 142742.0)	(31.0, 363944.0)	(32.0, 809677.0)	(33.0, 1711752.0)	(34.0, 3832063.0)	(35.0, 12054840.0)	(36.0, 57682481.0)	(37.0, 4859116.0)	
SRR22576125	(24.0, 4.0)	(25.0, 115.0)	(26.0, 1450.0)	(27.0, 9812.0)	(28.0, 44337.0)	(29.0, 157550.0)	(30.0, 437168.0)	(31.0, 1047318.0)	(32.0, 2174836.0)	(33.0, 4321113.0)	(34.0, 9049551.0)	(35.0, 25598212.0)	(36.0, 94791700.0)	(37.0, 6720465.0)	
SRR22576126	(24.0, 3.0)	(25.0, 65.0)	(26.0, 733.0)	(27.0, 4802.0)	(28.0, 20634.0)	(29.0, 73685.0)	(30.0, 207379.0)	(31.0, 501366.0)	(32.0, 1054504.0)	(33.0, 2128262.0)	(34.0, 4604822.0)	(35.0, 14548509.0)	(36.0, 75633898.0)	(37.0, 6997726.0)	
SRR22576127	(24.0, 1.0)	(25.0, 56.0)	(26.0, 611.0)	(27.0, 4392.0)	(28.0, 20298.0)	(29.0, 76163.0)	(30.0, 229679.0)	(31.0, 604680.0)	(32.0, 1381009.0)	(33.0, 3002090.0)	(34.0, 6788392.0)	(35.0, 19725955.0)	(36.0, 62957782.0)	(37.0, 3770557.0)	
SRR22576128	(23.0, 1.0)	(24.0, 1.0)	(25.0, 21.0)	(26.0, 277.0)	(27.0, 2138.0)	(28.0, 9639.0)	(29.0, 36719.0)	(30.0, 106522.0)	(31.0, 267270.0)	(32.0, 577222.0)	(33.0, 1185272.0)	(34.0, 2586640.0)	(35.0, 7652411.0)	(36.0, 28833560.0)	(37.0, 1982315.0)
SRR22576129	(24.0, 3.0)	(25.0, 98.0)	(26.0, 1024.0)	(27.0, 6851.0)	(28.0, 32192.0)	(29.0, 115876.0)	(30.0, 325334.0)	(31.0, 795109.0)	(32.0, 1685318.0)	(33.0, 3437299.0)	(34.0, 7326485.0)	(35.0, 19224284.0)	(36.0, 49083517.0)	(37.0, 2283963.0)	
SRR22576130	(25.0, 36.0)	(26.0, 420.0)	(27.0, 3434.0)	(28.0, 15808.0)	(29.0, 57189.0)	(30.0, 162572.0)	(31.0, 396426.0)	(32.0, 850419.0)	(33.0, 1764942.0)	(34.0, 3930085.0)	(35.0, 12190058.0)	(36.0, 51935903.0)	(37.0, 3835656.0)		
SRR22576131	(24.0, 1.0)	(25.0, 33.0)	(26.0, 441.0)	(27.0, 3409.0)	(28.0, 17155.0)	(29.0, 64828.0)	(30.0, 193011.0)	(31.0, 485527.0)	(32.0, 1006367.0)	(33.0, 1878987.0)	(34.0, 3564053.0)	(35.0, 9602894.0)	(36.0, 16068654.0)	(37.0, 97962.0)	
SRR22576132	(24.0, 1.0)	(25.0, 50.0)	(26.0, 560.0)	(27.0, 4339.0)	(28.0, 21719.0)	(29.0, 82488.0)	(30.0, 250301.0)	(31.0, 653203.0)	(32.0, 1425343.0)	(33.0, 2788255.0)	(34.0, 5170126.0)	(35.0, 11106868.0)	(36.0, 17104783.0)	(37.0, 97390.0)	
